PF11841:68.9873417721519
PF14229:83.47107438016529
PF17405:73.33333333333333
PF18136:61.20996441281139
PF04754:69.26829268292683
PF04926:61.875
PF10237:73.49397590361446
PF16554:23.076923076923077
PF11893:73.01587301587301
